./test_image/01.jpg 156 97 6 351 270 8
./test_image/02.jpg 185 62 9 279 199 12 90 78 11 403 336 12
./test_image/03.jpg 9 230 7 245 400 1 230 220 3 400 1 2 1 117 3 14 3 2 243 42 10
./test_image/04.jpg 90 125 2 337 212 6
./test_image/05.jpg 104 78 8 375 183 0 133 88 1 197 123 0 195 180 2 213 229 12 26 189 7
./test_image/06.jpg 9 107 2 99 263 0 21 200 8 82 226 0 325 188 4 411 223 0
./test_image/07.jpg 116 167 7 360 400 8 141 153 3 333 229 8
./test_image/08.jpg 96 191 1 361 14 2 218 98 3 47 318 4
./test_image/09.jpg 27 79 3 319 344 4
./test_image/10.jpg 263 32 5 100 295 6 18 1 7 36 235 8 299 18 9
